38,49
38,48
38,47
38,46
38,45
38,44
38,43
38,42
38,41
38,40
38,39
38,38
38,37
38,36
38,35
30,1
30,3
29,1
29,3
35,1
35,3
37,1
37,3
3,2
3,1
3,3
10,249
10,185
10,305
10,313
10,191
10,161
10,151
10,201
10,2
10,3
12,2
12,1
12,3
20,2
20,1
20,3
11,29
11,28
11,27
11,26
11,25
11,24
11,23
11,22
11,21
11,20
11,19
11,18
11,17
11,16
11,15
11,14
11,13
11,12
11,11
11,10
11,9
11,8
11,7
11,6
19,2
11,5
19,1
11,4
11,3
19,3
11,2
11,1
11,0
10,31
10,30
10,29
10,28
10,27
10,26
10,25
10,24
10,23
10,22
10,21
10,20
10,19
10,18
10,17
10,16
10,15
10,14
10,13
10,1
10,12
9,7
9,6
9,5
9,4
9,3
9,2
